 12778 12911 15410
 12766 12907 15408
 12774 12901 15407
 12773 12899 15402
 12780 12897 15407
 12777 12900 15409
 12782 12901 15401
 12781 12907 15410
 12774 12906 15406
 12774 12906 15399
 12766 12911 15412
 12770 12903 15409
 12769 12900 15408
 12765 12894 15418
 12774 12896 15406
 12778 12899 15416
 12772 12911 15409
 12773 12902 15405
 12779 12904 15410
 12773 12906 15404
 12780 12909 15396
 12779 12903 15406
 12773 12904 15404
 12768 12897 15407
 12770 12900 15406
 12773 12896 15403
 12764 12902 15406
 12778 12907 15403
 12771 12900 15406
 12776 12903 15400
 12774 12902 15401
 12777 12900 15407
 12775 12898 15405
 12772 12902 15400
 12781 12904 15408
 12777 12902 15411
 12770 12914 15418
 12768 12898 15406
 12771 12903 15420
 12775 12905 15401
 12767 12905 15414
 12772 12905 15409
 12779 12903 15408
 12776 12906 15408
 12782 12901 15411
 12781 12906 15406
 12780 12905 15412
 12777 12902 15411
 12767 12904 15409
 12778 12903 15405
 12777 12908 15416
 12773 12902 15406
 12766 12903 15404
 12773 12899 15399
 12762 12905 15407
 12774 12901 15418
 12782 12908 15405
 12771 12903 15406
 12778 12907 15407
 12774 12903 15404
 12774 12903 15410
 12779 12907 15389
 12766 12902 15446
 12780 12899 15356
 12774 12897 15437
 12778 12913 15420
 12787 12899 15383
 12769 12911 15433
 12782 12905 15401
 12765 12901 15418
 12779 12899 15408
 12770 12904 15408
 12779 12895 15392
 12772 12905 15412
 12764 12909 15398
 12771 12906 15404
 12773 12908 15406
 12774 12911 15404
 12773 12901 15411
 12782 12902 15403
 12790 12898 15388
 12774 12902 15420
 12781 12902 15378
 12769 12899 15425
 12775 12908 15396
 12768 12901 15431
 12777 12901 15364
 12781 12897 15355
 12774 12907 15446
 12784 12920 15386
 12776 12894 15410
 12781 12896 15397
 12782 12890 15436
 12783 12907 15376
 12773 12901 15429
 12765 12911 15407
 12773 12907 15386
 12767 12908 15413
 12773 12922 15401
 12772 12899 15399
 12778 12896 15409
 12782 12896 15405
 12780 12889 15397
 12773 12894 15426
 12773 12904 15406
 12773 12903 15408
 12769 12912 15400
 12769 12913 15413
 12775 12911 15391
 12773 12905 15413
 12768 12892 15420
 12787 12894 15370
 12771 12889 15451
 12775 12916 15393
 12781 12878 15413
 12769 12918 15396
 12785 12900 15419
 12773 12913 15390
 12769 12898 15450
 12783 12913 15367
 12778 12879 15431
 12769 12904 15419
 12792 12880 15367
 12758 12902 15451
 12778 12910 15386
 12768 12905 15423
 12763 12907 15412
 12767 12914 15421
 12788 12901 15391
 12765 12907 15442
 12785 12901 15383
 12768 12895 15438
 12785 12913 15450
 12792 12905 15367
 12782 12902 15430
 12780 12917 15399
 12772 12911 15404
 12782 12892 15404
 12767 12903 15416
 12774 12892 15394
 12772 12895 15416
 12773 12886 15414
 12772 12897 15389
 12774 12904 15425
 12771 12909 15381
 12770 12912 15402
 12776 12911 15402
 12778 12908 15401
 12780 12895 15426
 12770 12900 15376
 12772 12894 15420
 12778 12891 15397
 12781 12900 15404
 12775 12892 15415
 12764 12905 15401
 12765 12903 15420
 12767 12906 15393
 12767 12907 15423
 12770 12907 15397
 12769 12901 15415
 12774 12902 15400
 12779 12896 15430
 12779 12892 15406
 12769 12889 15422
 12775 12892 15370
 12768 12901 15418
 12783 12906 15380
 12769 12904 15426
 12773 12915 15402
 12777 12891 15416
 12765 12922 15401
 12775 12887 15410
 12775 12906 15383
 12773 12892 15422
 12794 12892 15367
 12767 12902 15446
 12798 12886 15357
 12765 12906 15444
 12783 12892 15374
 12760 12910 15428
 12768 12903 15404
 12759 12904 15380
 12758 12908 15428
 12764 12901 15388
 12764 12901 15424
 12768 12898 15398
 12778 12903 15388
 12793 12909 15345
 12779 12898 15469
 12789 12915 15351
 12777 12893 15440
 12781 12904 15397
 12769 12904 15407
 12773 12898 15407
 12758 12913 15406
 12763 12891 15403
 12762 12902 15428
 12772 12909 15377
 12763 12901 15429
 12769 12908 15377
 12778 12902 15418
 12779 12905 15396
 12778 12899 15423
 12780 12902 15403
 12776 12899 15416
 12775 12905 15420
 12778 12901 15391
 12769 12902 15429
 12763 12910 15392
 12773 12899 15421
 12772 12904 15399
 12781 12901 15408
 12769 12900 15402
 12781 12895 15408
 12775 12898 15408
 12780 12893 15403
 12775 12900 15416
 12778 12912 15401
 12768 12904 15406
 12762 12911 15411
 12769 12903 15402
 12771 12903 15415
 12777 12898 15416
 12772 12896 15408
 12779 12893 15407
 12780 12903 15411
 12771 12905 15404
 12773 12902 15417
 12777 12900 15397
 12771 12908 15416
 12769 12905 15416
 12771 12901 15406
 12770 12903 15406
 12776 12893 15414
 12776 12900 15406
 12772 12896 15407
 12780 12902 15406
 12777 12910 15409
 12778 12901 15406
 12776 12906 15403
 12772 12909 15403
 12774 12909 15404
 12775 12895 15408
 12771 12898 15414
 12770 12893 15417
 12774 12906 15404
 12771 12901 15413
 12775 12908 15398
 12779 12911 15398
 12774 12912 15405
 12781 12902 15408
 12779 12906 15405
 12775 12895 15406
 12771 12908 15407
 12773 12901 15409
 12770 12904 15399
 12774 12907 15409
 12773 12903 15407
 12773 12905 15400
 12771 12904 15406
 12774 12902 15401
 12776 12892 15404
 12778 12897 15406
 12776 12899 15413
 12784 12895 15402
 12772 12905 15400
 12779 12905 15402
 12769 12905 15414
 12773 12908 15414
 12774 12905 15414
 12773 12896 15411
 12780 12900 15413
 12777 12898 15403
 12771 12897 15416
 12773 12894 15414
 12771 12898 15401
 12774 12905 15411
 12769 12910 15412
 12772 12906 15403
 12770 12905 15410
 12769 12897 15411
 12774 12897 15421
 12775 12895 15412
 12778 12901 15409
 12781 12905 15416
 12779 12903 15418
 12771 12904 15409
 12779 12906 15398
 12771 12906 15392
 12775 12906 15408
 12776 12903 15413
 12774 12898 15404
 12775 12895 15416
 12771 12897 15408
 12772 12904 15404
 12773 12898 15407
 12773 12908 15405
 12778 12905 15417
 12780 12907 15418
 12781 12904 15410
 12769 12902 15404
 12775 12901 15408
 12766 12898 15409
 12773 12899 15406
 12772 12895 15406
 12775 12904 15406
 12778 12906 15398
 12768 12896 15407
 12763 12899 15414
 12758 12907 15408
 12775 12914 15410
 12786 12918 15410
 12794 12907 15408
 12788 12907 15397
 12785 12880 15424
 12774 12885 15396
 12774 12879 15418
 12769 12898 15405
 12767 12915 15408
 12766 12930 15398
 12757 12926 15412
 12765 12926 15393
 12775 12908 15400
 12780 12884 15401
 12786 12878 15413
 12782 12885 15406
 12784 12885 15409
 12774 12894 15412
 12774 12911 15405
 12766 12931 15406
 12755 12930 15400
 12760 12923 15411
 12777 12908 15397
 12778 12893 15416
 12780 12885 15403
 12788 12876 15408
 12778 12876 15402
 12780 12890 15412
 12774 12911 15411
 12775 12921 15400
 12758 12920 15408
 12763 12920 15400
 12761 12913 15406
 12770 12904 15408
 12771 12892 15420
 12781 12883 15409
 12787 12884 15414
 12784 12892 15401
 12777 12905 15409
 12778 12915 15401
 12773 12909 15412
 12768 12915 15410
 12767 12908 15417
 12777 12892 15401
 12768 12888 15410
 12773 12891 15420
 12777 12889 15406
 12770 12901 15398
 12772 12908 15412
 12775 12916 15413
 12781 12919 15415
 12779 12910 15408
 12779 12902 15413
 12776 12893 15408
 12777 12892 15406
 12773 12890 15409
 12769 12900 15406
 12768 12908 15408
 12771 12910 15405
 12772 12916 15412
 12777 12909 15402
 12777 12906 15415
 12776 12894 15406
 12773 12888 15417
 12768 12893 15395
 12769 12896 15416
 12765 12905 15415
 12768 12906 15404
 12766 12913 15420
 12773 12911 15403
 12774 12909 15409
 12780 12899 15402
 12776 12895 15401
 12779 12890 15415
 12778 12890 15410
 12774 12893 15419
 12772 12911 15421
 12774 12918 15402
 12767 12912 15401
 12765 12911 15410
 12774 12907 15406
 12773 12902 15401
 12775 12890 15430
 12781 12891 15411
 12773 12894 15394
 12779 12906 15411
 12774 12908 15408
 12772 12912 15412
 12770 12915 15418
 12760 12912 15408
 12769 12903 15400
 12764 12901 15407
 12768 12900 15419
 12771 12889 15412
 12778 12896 15409
 12784 12903 15403
 12784 12909 15403
 12777 12897 15407
 12765 12913 15401
 12771 12910 15414
 12769 12912 15396
 12771 12905 15411
 12793 12911 15409
 12785 12894 15400
 12768 12889 15414
 12791 12885 15408
 12759 12900 15410
 12762 12908 15435
 12782 12906 15370
 12752 12922 15458
 12777 12919 15356
 12774 12908 15420
 12781 12901 15395
 12766 12897 15423
 12785 12882 15376
 12765 12900 15446
 12774 12902 15395
 12779 12914 15410
 12779 12913 15412
 12781 12926 15374
 12774 12902 15434
 12780 12907 15392
 12774 12889 15418
 12766 12891 15401
 12762 12889 15416
 12751 12898 15420
 12764 12907 15381
 12755 12920 15446
 12779 12924 15365
 12775 12908 15425
 12795 12916 15391
 12782 12899 15420
 12792 12888 15383
 12775 12886 15442
 12775 12890 15392
 12766 12899 15441
 12766 12916 15385
 12760 12919 15420
 12764 12922 15385
 12757 12920 15423
 12772 12905 15403
 12767 12902 15436
 12808 12881 15374
 12776 12881 15451
 12782 12899 15408
 12794 12892 15405
 12766 12912 15427
 12771 12919 15399
 12761 12917 15401
 12758 12914 15415
 12765 12906 15409
 12778 12888 15375
 12769 12895 15460
 12787 12901 15372
 12788 12873 15417
 12781 12915 15410
 12792 12896 15378
 12776 12908 15416
 12769 12919 15418
 12777 12913 15378
 12756 12901 15433
 12768 12907 15423
 12778 12881 15377
 12755 12890 15449
 12780 12910 15401
 12779 12899 15409
 12773 12899 15402
 12769 12923 15419
 12787 12897 15396
 12771 12903 15416
 12774 12906 15423
 12776 12899 15395
 12766 12891 15397
 12762 12902 15408
 12774 12897 15388
 12768 12901 15412
 12769 12913 15401
 12771 12902 15404
 12773 12901 15399
 12775 12905 15415
 12779 12899 15404
 12780 12893 15408
 12772 12895 15412
 12784 12898 15393
 12778 12902 15419
 12778 12916 15410
 12783 12900 15377
 12768 12908 15416
 12762 12907 15412
 12762 12899 15395
 12773 12890 15418
 12763 12890 15411
 12771 12894 15365
 12773 12913 15486
 12807 12924 15324
 12771 12895 15475
 12792 12923 15352
 12788 12899 15449
 12786 12886 15363
 12760 12889 15448
 12768 12903 15365
 12755 12898 15467
 12772 12911 15335
 12758 12895 15458
 12783 12928 15364
 12771 12909 15438
 12783 12900 15389
 12786 12901 15424
 12781 12899 15401
 12777 12890 15423
 12788 12889 15372
 12763 12898 15445
 12766 12904 15361
 12761 12907 15439
 12754 12910 15409
 12763 12908 15403
 12778 12894 15382
 12777 12902 15429
 12780 12909 15412
 12787 12895 15410
 12782 12904 15432
 12786 12909 15398
 12790 12884 15406
 12768 12896 15402
 12752 12908 15437
 12773 12896 15357
 12746 12903 15443
 12761 12921 15421
 12797 12883 15335
 12755 12910 15505
 12807 12919 15340
 12786 12878 15465
 12781 12912 15408
 12787 12903 15399
 12776 12887 15402
 12767 12906 15447
 12767 12897 15340
 12742 12917 15482
 12769 12927 15353
 12758 12895 15422
 12773 12896 15407
 12770 12915 15407
 12790 12888 15414
 12785 12889 15405
 12787 12900 15417
 12775 12888 15416
 12780 12909 15353
 12747 12916 15522
 12793 12913 15328
 12765 12876 15473
 12756 12937 15354
 12778 12881 15439
 12781 12907 15345
 12771 12885 15488
 12786 12916 15300
 12773 12886 15517
 12779 12914 15301
 12774 12883 15475
 12764 12919 15372
 12771 12893 15429
 12774 12904 15385
 12764 12910 15449
 12784 12896 15338
 12762 12888 15501
 12792 12907 15308
 12762 12890 15503
 12769 12914 15334
 12762 12891 15449
 12776 12911 15375
 12772 12902 15447
 12772 12911 15350
 12776 12899 15465
 12789 12907 15346
 12771 12888 15451
 12774 12901 15379
 12783 12895 15419
 12777 12898 15362
 12743 12910 15518
 12808 12914 15308
 12755 12888 15489
 12751 12928 15361
 12787 12888 15400
 12777 12899 15405
 12779 12894 15406
 12767 12898 15414
 12783 12903 15403
 12784 12907 15406
 12766 12917 15430
 12774 12907 15410
 12784 12907 15396
 12766 12905 15441
 12781 12906 15380
 12777 12885 15427
 12763 12904 15429
 12784 12895 15374
 12765 12903 15440
 12769 12920 15396
 12770 12901 15401
 12760 12916 15388
 12766 12913 15456
 12795 12910 15297
 12759 12892 15508
 12810 12910 15300
 12784 12864 15476
 12785 12899 15360
 12781 12896 15434
 12775 12904 15369
 12777 12908 15455
 12775 12916 15365
 12767 12915 15445
 12777 12906 15369
 12776 12906 15419
 12784 12892 15404
 12765 12897 15406
 12769 12888 15437
 12785 12894 15358
 12765 12912 15476
 12786 12906 15343
 12761 12915 15434
 12778 12905 15375
 12770 12914 15440
 12794 12881 15359
 12754 12902 15474
 12801 12887 15360
 12773 12900 15436
 12769 12901 15390
 12769 12908 15412
 12770 12900 15397
 12768 12914 15417
 12769 12909 15400
 12774 12900 15412
 12783 12897 15415
 12780 12898 15399
 12780 12898 15416
 12772 12904 15404
 12768 12907 15409
 12771 12914 15405
 12777 12902 15402
 12770 12891 15416
 12775 12896 15396
 12779 12899 15406
 12772 12905 15403
 12771 12907 15411
 12777 12903 15405
 12777 12903 15419
 12776 12908 15399
 12781 12909 15412
 12782 12903 15414
 12772 12897 15396
 12768 12894 15417
 12773 12899 15395
 12771 12898 15419
 12772 12896 15404
 12771 12904 15423
 12775 12906 15402
 12780 12908 15410
 12772 12906 15411
 12769 12901 15408
 12765 12902 15410
 12776 12901 15403
 12774 12902 15415
 12777 12892 15398
 12780 12903 15406
 12785 12893 15409
 12786 12907 15418
 12779 12898 15396
 12777 12907 15402
 12779 12912 15408
 12759 12909 15397
 12748 12900 15409
 12767 12908 15414
 12764 12895 15418
 12756 12905 15403
 12775 12897 15402
 12789 12902 15422
 12779 12893 15406
 12775 12901 15419
 12774 12907 15400
 12769 12907 15410
 12770 12908 15404
 12763 12904 15422
 12768 12905 15402
 12778 12899 15411
 12770 12899 15415
 12779 12898 15406
 12775 12895 15399
 12777 12896 15403
 12772 12904 15408
 12778 12903 15407
 12774 12909 15403
 12767 12912 15412
 12771 12911 15407
 12765 12909 15404
 12765 12900 15400
 12770 12895 15408
 12776 12896 15412
 12772 12893 15403
 12778 12902 15404
 12777 12908 15408
 12779 12912 15399
 12772 12907 15408
 12777 12913 15411
 12773 12900 15407
 12767 12895 15401
 12772 12899 15408
 12772 12899 15403
 12769 12902 15397
 12778 12899 15419
 12773 12910 15413
 12774 12901 15406
 12776 12904 15409
 12780 12901 15414
 12785 12898 15408
 12777 12903 15406
 12772 12898 15402
 12775 12896 15409
 12768 12906 15410
 12774 12906 15407
 12770 12908 15412
 12771 12912 15402
 12771 12906 15393
 12778 12900 15407
 12768 12900 15389
 12768 12898 15400
 12773 12899 15406
 12785 12900 15409
 12784 12908 15410
 12769 12910 15401
 12775 12905 15417
 12774 12904 15395
 12779 12900 15407
 12774 12903 15410
 12772 12893 15408
 12783 12895 15405
 12769 12906 15405
 12778 12905 15410
 12772 12907 15402
 12773 12907 15405
 12774 12905 15411
 12783 12906 15401
 12773 12901 15405
 12774 12898 15404
 12778 12902 15406
 12769 12902 15409
 12775 12905 15410
 12776 12905 15407
 12769 12906 15407
 12775 12903 15408
 12767 12909 15403
 12773 12902 15413
 12772 12900 15406
 12769 12903 15400
 12778 12901 15406
 12781 12906 15408
 12778 12900 15403
 12777 12900 15399
 12781 12904 15410
 12768 12898 15409
 12770 12900 15400
 12775 12903 15406
 12770 12900 15408
 12769 12898 15409
 12775 12898 15406
 12778 12905 15395
 12776 12911 15410
 12782 12910 15406
 12780 12906 15412
 12778 12896 15405
 12783 12899 15410
 12780 12892 15415
 12772 12896 15402
 12769 12897 15411
 12772 12896 15414
 12775 12899 15413
 12770 12907 15405
 12776 12916 15411
 12774 12908 15402
 12783 12901 15411
 12776 12905 15399
 12775 12899 15405
 12769 12901 15395
 12767 12897 15406
 12768 12900 15397
 12767 12902 15403
 12763 12905 15402
 12771 12903 15397
Readings in one second: 79
 12779 12903 15409
 12780 12901 15407
 12778 12900 15403
 12770 12903 15412
 12772 12902 15412
 12772 12903 15404
 12765 12908 15407
 12768 12898 15409
 12773 12899 15413
 12774 12902 15409
 12777 12905 15409
 12770 12906 15420
 12771 12906 15412
 12779 12901 15405
 12774 12903 15402
 12774 12904 15394
 12775 12905 15401
 12771 12904 15414
 12773 12906 15412
 12775 12902 15391
 12776 12900 15407
 12778 12909 15416
 12771 12905 15414
 12770 12905 15404
 12775 12896 15401
 12785 12904 15405
 12777 12899 15406
 12775 12897 15405
 12774 12906 15408
 12775 12902 15413
 12775 12901 15415
 12777 12898 15409
 12767 12900 15417
 12774 12902 15414
 12770 12903 15416
 12772 12905 15409
 12774 12902 15404
 12778 12909 15410
 12772 12907 15418
 12770 12905 15410
 12784 12897 15409
 12771 12905 15410
 12770 12903 15401
 12775 12908 15404
 12777 12904 15401
 12772 12910 15404
 12773 12904 15409
 12777 12900 15409
 12779 12902 15412
 12771 12900 15409
 12771 12907 15417
 12768 12906 15414
 12776 12904 15412
 12775 12904 15403
 12771 12909 15401
 12772 12908 15403
 12780 12902 15406
 12774 12905 15407
 12775 12899 15408
 12769 12899 15406
 12771 12903 15408
 12773 12905 15410
 12774 12902 15408
 12775 12911 15406
 12778 12900 15409
 12771 12898 15397
 12767 12905 15401
 12769 12906 15402
 12774 12907 15405
 12776 12903 15412
 12781 12902 15419
 12778 12902 15404
 12768 12902 15404
 12770 12901 15415
 12773 12901 15398
 12778 12910 15411
 12780 12904 15416
 12777 12901 15406
 12774 12901 15401
 12774 12904 15403
 12774 12902 15420
 12772 12905 15402
 12773 12905 15403
 12775 12906 15406
 12781 12905 15398
 12784 12900 15406
 12779 12906 15412
 12777 12910 15422
 12773 12898 15404
 12768 12897 15405
 12778 12904 15410
 12771 12904 15399
 12773 12902 15402
 12778 12896 15413
 12778 12902 15419
 12778 12908 15397
 12778 12900 15398
 12779 12901 15410
 12775 12905 15396
 12778 12907 15415
 12777 12902 15410
 12772 12903 15400
 12773 12910 15415
 12768 12901 15411
 12771 12898 15401
 12778 12905 15421
 12775 12905 15405
 12776 12905 15401
 12777 12903 15423
 12777 12904 15406
 12770 12901 15410
 12781 12902 15407
 12772 12899 15408
 12775 12896 15408
 12770 12903 15405
 12776 12896 15404
 12771 12908 15405
 12777 12902 15400
 12778 12902 15408
 12777 12903 15408
 12777 12901 15398
 12774 12903 15405
 12772 12897 15412
 12773 12901 15412
 12776 12904 15407
 12775 12907 15411
 12776 12902 15409
 12774 12903 15399
 12771 12908 15401
 12773 12902 15403
 12776 12910 15404
 12784 12902 15403
 12785 12903 15405
 12779 12900 15401
 12778 12906 15405
 12770 12906 15409
 12778 12907 15411
 12768 12910 15413
 12775 12895 15401
 12772 12910 15407
 12772 12899 15407
 12767 12902 15405
 12779 12902 15407
 12775 12900 15410
 12773 12897 15402
 12779 12901 15406
 12773 12908 15394
 12780 12905 15403
 12774 12900 15404
 12775 12906 15409
 12769 12900 15413
 12773 12899 15421
 12779 12903 15404
 12765 12900 15401
 12767 12905 15404
 12768 12901 15412
 12773 12907 15412
 12773 12899 15407
 12772 12900 15411
 12773 12898 15409
 12767 12901 15408
 12778 12898 15414
 12772 12900 15410
 12775 12909 15408
 12776 12900 15413
 12776 12903 15411
 12774 12902 15401
 12775 12899 15398
 12778 12901 15416
 12774 12898 15397
 12772 12898 15415
 12770 12901 15403
 12771 12905 15417
 12772 12901 15403
 12769 12903 15397
 12782 12903 15396
 12774 12906 15420
 12771 12900 15399
 12768 12900 15392
 12770 12906 15414
 12777 12903 15406
 12778 12908 15401
 12775 12903 15417
 12775 12902 15410
 12778 12902 15403
 12779 12902 15400
 12776 12906 15413
 12776 12898 15411
 12778 12902 15400
 12777 12906 15399
 12772 12904 15404
 12771 12903 15396
 12776 12902 15413
 12776 12900 15408
 12782 12905 15410
 12772 12902 15415
 12772 12903 15410
 12772 12905 15412
 12768 12904 15421
 12777 12902 15404
 12780 12902 15418
 12769 12910 15406
 12774 12901 15415
 12767 12906 15396
 12775 12908 15409
 12776 12905 15411
 12774 12895 15412
 12779 12906 15405
 12776 12898 15407
 12775 12904 15417
 12772 12901 15410
 12773 12904 15403
 12779 12905 15409
 12767 12905 15410
 12769 12904 15408
 12769 12903 15421
 12781 12901 15411
 12777 12903 15406
 12778 12905 15413
 12779 12900 15413
 12771 12905 15413
 12780 12912 15405
 12779 12905 15409
 12778 12899 15405
 12780 12907 15405
 12777 12905 15406
 12769 12905 15413
 12774 12905 15405
 12775 12898 15409
 12777 12904 15411
 12776 12901 15417
 12779 12902 15402
 12773 12904 15408
 12769 12907 15410
 12773 12902 15401
 12781 12898 15402
 12776 12899 15405
 12776 12903 15397
 12775 12903 15403
 12780 12898 15413
 12775 12903 15413
 12773 12903 15415
 12772 12900 15415
 12772 12899 15405
 12771 12907 15398
 12775 12904 15405
 12777 12902 15410
 12773 12903 15404
 12774 12904 15403
 12779 12899 15402
 12775 12899 15402
 12768 12908 15396
 12775 12900 15413
 12773 12906 15405
 12776 12904 15407
 12771 12905 15420
 12775 12902 15400
 12770 12897 15406
 12773 12898 15404
 12775 12898 15413
 12774 12910 15411
 12770 12905 15411
 12775 12904 15404
 12772 12904 15408
 12780 12901 15397
 12771 12906 15407
 12778 12903 15403
 12775 12904 15404
 12774 12903 15405
 12779 12899 15405
 12773 12905 15403
 12763 12905 15406
 12774 12903 15406
 12776 12906 15405
 12773 12907 15412
 12776 12904 15407
 12774 12903 15412
 12777 12901 15401
 12777 12901 15400
 12773 12905 15401
 12773 12900 15412
 12771 12905 15411
 12777 12903 15405
 12768 12900 15404
 12778 12908 15402
 12778 12908 15414
 12777 12904 15407
 12779 12904 15406
 12778 12905 15406
 12774 12906 15411
 12776 12903 15403
 12775 12897 15403
 12778 12903 15401
 12773 12901 15400
 12774 12905 15410
 12774 12905 15413
 12771 12911 15406
 12775 12903 15426
 12775 12902 15405
 12783 12899 15408
 12774 12903 15404
 12768 12899 15406
 12776 12904 15408
 12778 12909 15407
 12776 12900 15414
 12771 12904 15412
 12772 12903 15405
 12771 12907 15410
 12775 12901 15409
 12776 12903 15408
 12773 12903 15418
 12775 12902 15403
 12780 12906 15399
 12772 12907 15400
 12778 12902 15405
 12773 12908 15407
 12771 12902 15413
 12769 12898 15405
 12775 12905 15413
 12777 12906 15413
 12775 12903 15406
 12771 12901 15406
 12777 12902 15408
 12764 12900 15397
 12770 12903 15410
 12768 12902 15400
 12772 12903 15412
 12781 12905 15409
 12776 12901 15414
 12773 12903 15408
 12767 12905 15414
 12779 12902 15403
 12771 12901 15399
 12777 12906 15410
 12774 12903 15409
 12774 12905 15409
 12773 12897 15405
 12778 12903 15405
 12778 12902 15403
 12769 12906 15408
 12774 12901 15412
 12776 12898 15409
 12774 12906 15407
 12772 12905 15410
 12775 12903 15408
 12775 12909 15412
 12771 12908 15405
 12774 12903 15410
 12777 12902 15400
 12773 12902 15403
 12776 12909 15409
 12778 12904 15403
 12777 12900 15409
 12770 12909 15397
 12773 12897 15413
 12771 12908 15410
 12770 12897 15408
 12775 12899 15414
 12772 12902 15411
 12773 12905 15408
 12774 12901 15407
 12771 12906 15415
 12776 12907 15403
 12783 12902 15419
 12772 12907 15400
 12773 12910 15412
 12775 12899 15414
 12775 12900 15412
 12777 12905 15405
 12772 12903 15413
 12775 12908 15409
 12776 12906 15413
 12769 12907 15411
 12771 12898 15412
 12772 12907 15408
 12777 12905 15406
 12780 12905 15408
 12781 12901 15411
 12782 12904 15418
 12775 12902 15414
 12772 12908 15402
 12774 12908 15418
 12774 12900 15410
 12771 12903 15414
 12770 12904 15417
 12772 12901 15402
 12775 12902 15401
 12778 12899 15409
 12776 12907 15404
 12771 12901 15410
 12776 12909 15406
 12774 12904 15406
 12773 12907 15408
 12773 12903 15419
 12770 12902 15410
 12783 12904 15415
 12763 12903 15406
 12778 12903 15404
 12771 12902 15414
 12771 12902 15400
 12774 12899 15413
 12771 12899 15403
 12773 12901 15407
 12769 12905 15407
 12773 12906 15411
 12774 12905 15416
 12772 12904 15413
 12774 12900 15405
 12768 12910 15404
 12770 12902 15409
 12770 12902 15407
 12775 12906 15418
 12775 12909 15415
 12771 12899 15402
 12778 12906 15411
 12774 12907 15408
 12772 12903 15408
 12772 12901 15408
 12773 12898 15402
 12775 12903 15412
 12775 12909 15401
 12779 12898 15411
 12772 12900 15410
 12774 12904 15405
 12776 12900 15407
 12775 12907 15407
 12777 12902 15411
 12769 12899 15403
 12771 12903 15410
 12770 12902 15410
 12779 12904 15405
 12782 12902 15414
 12780 12907 15420
 12772 12901 15413
 12776 12905 15408
 12779 12904 15412
 12772 12905 15400
 12779 12900 15395
 12776 12904 15405
 12781 12906 15404
 12774 12902 15406
 12773 12905 15399
 12768 12905 15402
 12775 12899 15410
 12767 12906 15410
 12775 12901 15405
 12774 12901 15397
 12771 12902 15417
 12775 12904 15399
 12774 12899 15419
 12769 12907 15416
 12780 12905 15400
 12773 12899 15411
 12774 12903 15406
 12769 12907 15415
 12778 12900 15402
 12783 12905 15406
 12773 12903 15412
 12772 12898 15413
 12774 12895 15412
 12781 12900 15417
 12777 12901 15405
 12778 12903 15408
 12770 12907 15406
 12774 12897 15406
 12778 12905 15407
 12775 12907 15400
 12772 12902 15402
 12772 12907 15414
 12775 12904 15415
 12777 12903 15411
 12775 12903 15404
 12778 12904 15411
 12775 12905 15414
 12780 12907 15416
 12775 12912 15402
 12772 12902 15406
 12777 12903 15408
 12772 12900 15410
 12777 12904 15411
 12779 12903 15405
 12774 12903 15415
 12777 12905 15413
 12774 12910 15414
 12777 12901 15409
 12777 12895 15410
 12776 12902 15410
 12774 12907 15406
 12779 12904 15399
 12774 12900 15404
 12772 12904 15400
 12779 12906 15403
 12777 12905 15412
 12777 12906 15401
 12776 12901 15407
 12778 12905 15396
 12778 12902 15409
 12772 12899 15414
 12781 12905 15408
 12775 12902 15412
 12770 12901 15416
 12776 12898 15406
 12775 12901 15405
 12773 12905 15402
 12777 12906 15407
 12773 12901 15405
 12774 12903 15410
 12775 12901 15429
 12770 12897 15417
 12777 12901 15409
 12775 12900 15394
 12775 12902 15407
 12775 12907 15400
 12779 12898 15418
 12767 12898 15416
 12770 12903 15402
 12778 12903 15404
 12774 12905 15415
 12776 12905 15416
 12777 12907 15394
 12773 12902 15409
 12771 12898 15411
 12776 12901 15411
 12778 12900 15408
 12774 12903 15402
 12772 12898 15406
 12775 12902 15403
 12777 12899 15416
 12774 12905 15415
 12771 12904 15410
 12777 12909 15410
 12781 12906 15416
 12775 12905 15409
 12777 12898 15415
 12774 12899 15411
 12779 12903 15407
 12777 12900 15415
 12770 12907 15410
 12777 12902 15412
 12775 12904 15406
 12776 12908 15406
 12771 12901 15419
 12773 12900 15397
 12777 12907 15413
 12777 12901 15408
 12772 12904 15405
 12774 12901 15413
 12778 12904 15428
 12772 12903 15417
 12772 12904 15410
 12776 12898 15415
 12778 12903 15410
 12776 12903 15405
 12779 12903 15407
 12776 12901 15413
 12778 12903 15406
 12776 12899 15409
 12772 12902 15414
 12774 12903 15411
 12775 12903 15409
 12779 12898 15415
 12776 12903 15412
 12771 12901 15401
 12772 12908 15411
 12774 12905 15404
 12775 12903 15411
 12773 12902 15416
 12772 12909 15404
 12772 12904 15399
 12769 12905 15418
 12771 12904 15416
 12776 12903 15404
 12772 12904 15410
 12777 12898 15406
 12772 12906 15408
 12774 12908 15410
 12770 12901 15407
 12774 12893 15417
 12774 12902 15412
 12777 12906 15408
 12777 12904 15413
 12772 12910 15414
 12772 12902 15410
 12770 12903 15414
 12777 12898 15412
 12773 12908 15409
 12770 12909 15410
 12775 12905 15402
 12775 12907 15405
 12777 12905 15399
 12778 12903 15413
 12776 12904 15403
 12777 12902 15401
 12772 12899 15399
 12769 12901 15400
 12770 12905 15412
 12766 12909 15401
 12772 12901 15400
 12769 12907 15427
 12776 12899 15400
 12773 12903 15402
 12774 12901 15411
 12778 12900 15409
 12778 12900 15404
 12780 12898 15403
 12774 12903 15412
 12772 12902 15423
 12771 12902 15404
 12775 12899 15411
 12775 12902 15411
 12778 12897 15407
 12782 12901 15407
 12783 12907 15409
 12776 12907 15415
 12775 12902 15406
 12780 12902 15416
 12769 12907 15395
 12769 12899 15398
 12772 12902 15393
 12772 12904 15396
 12777 12905 15407
 12781 12907 15416
 12779 12900 15408
 12775 12902 15416
 12772 12908 15415
 12781 12908 15418
 12772 12899 15405
 12776 12900 15402
 12780 12899 15404
 12774 12903 15414
 12779 12904 15404
 12774 12898 15406
 12771 12902 15413
 12778 12902 15399
 12774 12906 15413
 12771 12902 15411
 12771 12908 15400
 12774 12905 15409
 12779 12905 15404
 12773 12907 15416
 12780 12902 15399
 12774 12900 15404
 12773 12902 15408
 12769 12906 15400
 12770 12911 15401
 12773 12906 15417
 12774 12899 15405
 12785 12900 15387
 12769 12887 15416
 12751 12887 15401
 12763 12899 15401
 12774 12908 15408
 12775 12904 15403
 12773 12904 15413
 12773 12906 15407
 12773 12899 15406
 12775 12901 15393
 12774 12894 15403
 12770 12905 15407
 12774 12900 15415
 12772 12902 15404
 12775 12898 15423
 12773 12902 15412
 12771 12902 15410
 12772 12903 15403
 12777 12906 15414
 12775 12900 15412
 12766 12907 15405
 12775 12907 15418
 12778 12897 15409
 12775 12902 15412
 12772 12905 15422
 12774 12904 15405
 12771 12911 15403
 12778 12904 15413
 12773 12900 15407
 12768 12899 15407
 12779 12905 15410
 12775 12910 15413
 12779 12902 15418
 12776 12905 15404
 12773 12900 15419
 12780 12899 15407
 12777 12908 15419
 12774 12901 15409
 12774 12902 15403
 12778 12904 15406
 12778 12904 15402
 12781 12902 15400
 12776 12900 15416
 12778 12906 15413
 12782 12899 15408
 12778 12903 15408
 12778 12901 15407
 12772 12899 15416
 12774 12904 15403
 12774 12904 15418
 12767 12902 15410
 12767 12900 15417
 12769 12902 15407
 12774 12902 15414
 12774 12900 15404
 12780 12906 15411
 12776 12904 15411
 12775 12898 15419
 12779 12904 15417
 12782 12905 15413
 12770 12901 15405
 12776 12906 15400
 12775 12903 15417
 12771 12904 15414
 12772 12909 15408
 12777 12901 15405
 12777 12905 15405
 12776 12901 15411
 12782 12900 15413
 12777 12901 15405
 12773 12902 15404
 12772 12901 15413
 12770 12905 15408
 12769 12907 15409
 12766 12907 15410
 12783 12899 15402
 12777 12903 15406
 12775 12903 15413
 12773 12904 15397
 12775 12903 15404
 12768 12905 15404
 12780 12902 15408
 12766 12904 15412
 12777 12902 15402
 12778 12903 15405
 12775 12900 15406
 12779 12904 15414
 12775 12907 15406
 12775 12902 15413
 12776 12903 15409
 12779 12897 15417
 12783 12903 15401
 12768 12907 15392
 12772 12911 15408
 12784 12903 15400
 12774 12901 15414
 12772 12906 15414
 12775 12901 15406
 12773 12904 15398
 12774 12902 15411
 12777 12902 15403
 12768 12913 15403
 12774 12904 15409
 12776 12902 15404
 12775 12902 15404
 12777 12906 15406
 12776 12898 15409
 12781 12900 15415
 12774 12901 15411
 12769 12902 15403
 12770 12908 15408
 12775 12905 15405
 12780 12901 15395
 12772 12907 15410
 12775 12902 15409
 12775 12904 15401
 12775 12903 15414
 12774 12897 15405
 12772 12900 15409
 12784 12899 15410
 12771 12906 15422
 12771 12907 15405
 12783 12903 15413
 12778 12901 15400
 12772 12911 15410
 12772 12902 15415
 12776 12895 15407
 12771 12907 15405
 12774 12903 15416
 12771 12904 15403
 12775 12900 15409
 12778 12906 15415
 12774 12899 15406
 12783 12899 15400
 12775 12908 15412
 12775 12904 15411
 12771 12894 15409
 12768 12905 15407
 12775 12905 15413
 12777 12907 15407
 12773 12904 15412
 12776 12899 15412
 12778 12904 15399
 12776 12902 15412
 12768 12900 15407
 12778 12902 15400
 12778 12899 15410
 12779 12903 15396
 12768 12899 15417
 12772 12913 15396
 12775 12905 15417
 12770 12897 15400
 12770 12900 15410
 12778 12899 15390
 12775 12906 15408
 12780 12900 15407
 12771 12898 15398
 12777 12898 15403
 12779 12902 15403
 12775 12904 15411
 12781 12906 15403
 12781 12902 15402
 12772 12903 15418
Readings in one second: 81
 12773 12907 15398
 12768 12902 15415
 12760 12903 15401
 12775 12903 15411
 12769 12903 15412
 12770 12906 15412
 12778 12907 15411
 12789 12898 15403
 12784 12898 15392
 12776 12900 15418
 12782 12899 15394
 12758 12910 15427
 12766 12913 15403
 12770 12901 15390
 12768 12914 15438
 12779 12900 15371
 12770 12904 15442
 12785 12895 15385
 12775 12905 15426
 12793 12888 15408
 12780 12904 15397
 12778 12885 15423
 12769 12915 15396
 12779 12893 15417
 12758 12916 15408
 12760 12901 15424
 12763 12902 15419
 12784 12900 15406
 12786 12901 15415
 12781 12891 15408
 12797 12889 15419
 12779 12898 15404
 12785 12900 15404
 12772 12904 15409
 12761 12912 15412
 12767 12903 15399
 12758 12914 15408
 12757 12908 15410
 12766 12908 15397
 12764 12901 15415
 12775 12895 15389
 12776 12896 15412
 12783 12886 15402
 12787 12898 15399
 12782 12899 15415
 12783 12905 15386
 12776 12907 15411
 12777 12910 15391
 12767 12904 15406
 12763 12908 15400
 12762 12899 15396
 12759 12900 15414
 12764 12901 15398
 12770 12890 15408
 12765 12894 15414
 12780 12901 15396
 12779 12894 15411
 12776 12898 15393
 12775 12901 15414
 12777 12901 15395
 12777 12902 15413
 12772 12901 15397
 12767 12898 15404
 12773 12897 15419
 12769 12903 15381
 12774 12895 15417
 12775 12890 15389
 12773 12897 15408
 12776 12902 15404
 12770 12903 15409
 12776 12903 15400
 12775 12902 15392
 12773 12900 15400
 12774 12903 15405
 12766 12900 15403
 12774 12904 15409
 12768 12905 15408
 12767 12901 15407
 12769 12899 15402
 12768 12903 15401
 12769 12900 15405
 12770 12903 15419
 12776 12898 15405
 12771 12903 15408
 12780 12899 15411
 12770 12900 15402
 12784 12898 15402
 12782 12899 15405
 12775 12899 15397
 12775 12893 15397
 12769 12905 15406
 12765 12902 15411
 12771 12902 15410
 12768 12903 15404
 12768 12905 15411
 12780 12899 15402
 12774 12904 15411
 12765 12909 15415
 12773 12904 15407
 12772 12897 15406
 12779 12903 15416
 12777 12900 15401
 12772 12905 15395
 12776 12904 15399
 12778 12900 15407
 12771 12902 15418
 12773 12905 15408
 12768 12900 15405
 12774 12904 15398
 12779 12896 15414
 12775 12897 15411
 12776 12901 15406
 12783 12900 15404
 12775 12907 15411
 12776 12904 15413
 12780 12902 15420
 12774 12904 15408
 12773 12902 15396
 12775 12902 15413
 12769 12903 15412
 12775 12896 15402
 12772 12907 15412
 12772 12901 15404
 12768 12906 15405
 12778 12905 15397
 12772 12898 15408
 12779 12904 15404
 12774 12905 15407
 12775 12906 15402
 12775 12899 15413
 12777 12906 15401
 12775 12904 15401
 12771 12901 15402
 12778 12895 15408
 12777 12900 15398
 12781 12900 15407
 12777 12898 15402
 12766 12904 15411
 12776 12906 15399
 12770 12909 15411
 12773 12906 15418
 12774 12904 15418
 12777 12901 15408
 12770 12895 15414
 12771 12904 15404
 12777 12899 15405
 12775 12900 15417
 12777 12902 15406
 12776 12902 15403
 12775 12901 15412
 12772 12904 15412
 12775 12901 15402
 12776 12898 15406
 12778 12900 15416
 12776 12897 15410
 12774 12902 15405
 12779 12900 15419
 12772 12901 15406
 12770 12904 15407
 12776 12901 15408
 12776 12905 15412
 12773 12902 15408
 12777 12908 15419
 12777 12909 15399
 12773 12902 15407
 12770 12903 15413
 12774 12902 15396
 12773 12901 15403
 12769 12896 15397
 12773 12901 15414
 12775 12906 15404
 12774 12903 15414
 12775 12906 15401
 12779 12902 15417
 12778 12900 15411
 12773 12902 15409
 12773 12901 15398
 12779 12908 15407
 12772 12906 15408
 12771 12904 15404
 12774 12912 15403
 12773 12898 15409
 12772 12906 15405
 12782 12905 15397
 12773 12903 15401
 12773 12897 15413
 12772 12906 15404
 12774 12903 15414
 12775 12903 15401
 12770 12904 15405
 12781 12905 15403
 12774 12900 15399
 12776 12906 15407
 12772 12905 15393
 12774 12903 15394
 12777 12900 15405
 12776 12902 15403
 12768 12904 15405
 12774 12904 15411
 12775 12902 15408
 12778 12905 15403
 12768 12900 15403
 12775 12905 15412
 12774 12901 15399
 12774 12904 15406
 12783 12900 15405
 12771 12898 15408
 12773 12901 15408
 12775 12898 15402
 12768 12904 15400
 12777 12899 15403
 12777 12908 15401
 12778 12903 15400
 12773 12909 15409
 12776 12906 15410
 12768 12900 15414
 12774 12903 15404
 12772 12903 15401
 12770 12898 15407
 12774 12904 15402
 12779 12908 15404
 12775 12905 15401
 12781 12906 15404
 12775 12909 15410
 12775 12899 15404
 12775 12894 15413
 12778 12903 15399
 12774 12903 15406
 12770 12898 15413
 12767 12906 15404
 12774 12905 15406
 12775 12899 15403
 12766 12905 15402
 12780 12906 15402
 12784 12903 15401
 12777 12903 15405
 12777 12900 15409
 12780 12898 15403
 12772 12898 15406
 12771 12896 15414
 12772 12914 15404
 12770 12908 15391
 12774 12907 15407
 12773 12907 15403
 12783 12900 15411
 12775 12897 15403
 12775 12897 15411
 12784 12898 15414
 12768 12897 15408
 12773 12899 15407
 12772 12906 15419
 12772 12911 15401
 12770 12910 15405
 12774 12908 15399
 12774 12905 15408
 12774 12902 15401
 12771 12897 15403
 12771 12899 15415
 12773 12895 15407
 12777 12894 15405
 12774 12900 15399
 12775 12906 15410
 12768 12908 15404
 12774 12908 15404
 12776 12902 15399
 12774 12902 15402
 12774 12896 15407
 12775 12901 15403
 12778 12902 15405
 12780 12901 15402
 12771 12905 15406
 12778 12902 15398
 12770 12902 15409
 12772 12900 15404
 12774 12907 15407
 12777 12902 15413
 12772 12901 15412
 12774 12900 15406
 12772 12904 15403
 12778 12900 15400
 12772 12906 15405
 12775 12907 15413
 12772 12905 15411
 12772 12906 15404
 12774 12903 15407
 12782 12902 15394
 12774 12900 15402
 12770 12911 15398
 12773 12902 15411
 12771 12904 15413
 12766 12902 15409
 12771 12909 15399
 12764 12899 15409
 12785 12901 15419
 12779 12900 15392
 12774 12901 15447
 12786 12905 15393
 12777 12904 15420
 12772 12907 15395
 12776 12908 15411
 12770 12907 15380
 12763 12900 15424
 12770 12905 15396
 12775 12908 15418
 12773 12902 15411
 12776 12900 15407
 12771 12898 15407
 12772 12900 15405
 12776 12903 15415
 12776 12903 15414
 12771 12903 15393
 12775 12898 15410
 12775 12897 15408
 12772 12894 15419
 12766 12895 15403
 12769 12902 15438
 12774 12896 15391
 12764 12908 15412
 12772 12908 15410
 12774 12913 15405
 12784 12894 15388
 12771 12905 15413
 12778 12898 15412
 12773 12903 15396
 12772 12895 15420
 12765 12906 15394
 12776 12899 15423
 12761 12904 15400
 12765 12904 15406
 12773 12905 15407
 12777 12907 15411
 12775 12905 15401
 12788 12907 15404
 12783 12898 15415
 12779 12904 15405
 12783 12899 15405
 12775 12903 15401
 12766 12900 15409
 12770 12913 15391
 12765 12908 15411
 12760 12913 15400
 12769 12899 15406
 12780 12898 15392
 12780 12895 15411
 12784 12892 15410
 12779 12904 15410
 12777 12905 15398
 12774 12905 15408
 12772 12909 15409
 12769 12911 15411
 12766 12913 15408
 12766 12900 15412
 12773 12905 15414
 12774 12902 15412
 12779 12895 15412
 12782 12896 15404
 12775 12897 15404
 12777 12906 15406
 12774 12901 15414
 12772 12905 15410
 12778 12901 15409
 12775 12897 15390
 12764 12902 15451
 12774 12908 15386
 12773 12895 15415
 12767 12900 15408
 12774 12900 15406
 12779 12895 15400
 12776 12907 15411
 12778 12907 15404
 12775 12903 15407
 12775 12902 15397
 12773 12909 15412
 12776 12899 15413
 12774 12907 15396
 12780 12902 15417
 12778 12910 15403
 12771 12905 15403
 12772 12901 15406
 12775 12901 15416
 12774 12903 15411
 12768 12909 15404
 12768 12907 15397
 12774 12905 15415
 12772 12904 15411
 12772 12901 15416
 12778 12903 15398
 12774 12907 15406
 12770 12902 15393
 12775 12902 15417
 12778 12895 15393
 12767 12896 15402
 12775 12902 15397
 12778 12901 15406
 12771 12906 15403
 12779 12906 15400
 12768 12906 15400
 12773 12901 15403
 12776 12903 15412
 12776 12905 15402
 12773 12901 15403
 12773 12901 15405
 12773 12908 15402
 12776 12900 15410
 12768 12903 15412
 12768 12904 15405
 12776 12901 15395
 12772 12899 15403
 12777 12898 15402
 12779 12902 15410
 12769 12903 15410
 12769 12908 15407
 12767 12909 15412
 12775 12905 15413
 12774 12904 15407
 12776 12900 15404
 12776 12899 15407
 12770 12903 15411
 12767 12902 15412
 12772 12900 15403
 12774 12904 15411
 12774 12903 15401
 12768 12904 15410
 12779 12902 15406
 12773 12898 15404
 12775 12898 15416
 12778 12903 15412
 12778 12904 15398
 12774 12906 15404
 12776 12899 15407
 12771 12900 15402
 12776 12902 15409
 12766 12904 15408
 12770 12907 15409
 12774 12903 15412
 12779 12907 15408
 12775 12904 15416
 12776 12904 15418
 12775 12900 15405
 12774 12898 15409
 12778 12899 15399
 12773 12899 15409
 12775 12904 15405
 12771 12909 15403
 12769 12908 15408
 12767 12899 15406
 12778 12900 15401
 12778 12901 15409
 12782 12900 15413
 12779 12900 15408
 12779 12900 15417
 12776 12898 15400
 12774 12906 15406
 12771 12906 15403
 12767 12908 15403
 12772 12903 15403
 12772 12903 15408
 12775 12906 15407
 12772 12900 15411
 12775 12908 15399
 12778 12902 15400
 12775 12902 15401
 12783 12898 15407
 12777 12900 15409
 12775 12906 15400
 12775 12908 15395
 12772 12903 15401
 12775 12900 15405
 12773 12902 15408
 12773 12904 15406
 12773 12900 15410
 12782 12893 15409
 12770 12909 15397
 12773 12901 15409
 12772 12900 15404
 12781 12902 15397
 12775 12910 15401
 12765 12906 15412
 12770 12909 15388
 12767 12899 15412
 12767 12898 15405
 12773 12910 15412
 12773 12896 15402
 12772 12900 15414
 12777 12907 15397
 12774 12896 15415
 12777 12895 15408
 12773 12906 15409
 12780 12904 15407
 12769 12901 15409
 12771 12907 15401
 12779 12902 15403
 12780 12899 15409
 12769 12904 15408
 12774 12903 15398
 12773 12897 15412
 12773 12906 15402
 12773 12900 15409
 12774 12897 15391
 12766 12907 15421
 12779 12907 15406
 12774 12904 15400
 12781 12906 15404
 12783 12903 15419
 12785 12899 15414
 12781 12901 15415
 12776 12892 15411
 12770 12904 15406
 12773 12902 15408
 12767 12907 15413
 12766 12903 15389
 12767 12906 15419
 12777 12908 15403
 12766 12903 15406
 12777 12899 15399
 12783 12896 15426
 12782 12900 15395
 12781 12900 15419
 12775 12899 15392
 12768 12898 15410
 12772 12908 15411
 12770 12909 15408
 12774 12903 15392
 12770 12900 15421
 12777 12902 15380
 12777 12890 15412
 12773 12900 15403
 12774 12900 15423
 12774 12906 15397
 12775 12905 15409
 12773 12909 15391
 12775 12904 15413
 12774 12902 15407
 12772 12901 15404
 12769 12895 15400
 12775 12899 15405
 12771 12893 15403
 12772 12903 15400
 12779 12896 15413
 12774 12906 15405
 12768 12905 15413
 12772 12907 15406
 12775 12901 15409
 12778 12907 15392
 12774 12895 15415
 12779 12891 15406
 12775 12896 15407
 12770 12904 15410
 12774 12910 15395
 12769 12903 15417
 12770 12909 15403
 12780 12907 15404
 12783 12903 15416
 12781 12903 15396
 12774 12900 15429
 12781 12898 15389
 12762 12891 15429
 12775 12903 15384
 12767 12912 15431
 12774 12907 15394
 12768 12911 15406
 12775 12901 15417
 12777 12904 15392
 12778 12895 15414
 12781 12908 15397
 12778 12900 15430
 12771 12895 15386
 12766 12902 15436
 12773 12908 15374
 12777 12904 15423
 12774 12913 15399
 12769 12901 15432
 12774 12904 15397
 12770 12897 15429
 12771 12904 15391
 12776 12902 15421
 12782 12904 15397
 12776 12903 15408
 12777 12905 15406
 12772 12909 15420
 12773 12903 15397
 12772 12907 15407
 12764 12898 15405
 12770 12894 15406
 12768 12899 15415
 12782 12897 15396
 12770 12900 15412
 12773 12906 15405
 12779 12902 15414
 12777 12916 15406
 12782 12902 15409
 12768 12905 15399
 12772 12900 15412
 12773 12906 15394
 12774 12893 15412
 12767 12903 15402
 12771 12898 15411
 12769 12902 15406
 12766 12898 15394
 12771 12902 15406
 12779 12900 15402
 12779 12902 15411
 12784 12903 15418
 12785 12903 15400
 12778 12903 15403
 12773 12906 15404
 12778 12905 15403
 12771 12905 15413
 12767 12912 15410
 12768 12904 15402
 12762 12906 15407
 12775 12905 15413
 12778 12904 15407
 12780 12903 15406
 12779 12900 15406
 12783 12905 15412
 12778 12901 15404
 12777 12901 15409
 12773 12902 15403
 12774 12899 15406
 12769 12905 15406
 12769 12902 15408
 12771 12907 15404
 12769 12904 15413
 12775 12903 15409
 12774 12901 15406
 12779 12902 15401
 12779 12907 15411
 12775 12903 15426
 12757 12892 15399
 12765 12904 15418
 12753 12901 15410
 12773 12897 15408
 12770 12902 15402
 12770 12910 15408
 12777 12900 15405
 12768 12900 15410
 12772 12902 15412
 12774 12902 15407
 12777 12902 15409
 12780 12904 15405
 12778 12901 15405
 12768 12897 15407
 12777 12905 15409
 12781 12898 15395
 12775 12904 15410
 12769 12899 15396
 12772 12905 15410
 12774 12905 15414
 12778 12906 15415
 12780 12899 15407
 12769 12901 15410
 12770 12898 15396
 12780 12902 15416
 12769 12909 15412
 12770 12909 15406
 12777 12910 15416
 12776 12902 15405
 12776 12907 15416
 12769 12894 15413
 12773 12901 15410
 12774 12901 15402
 12775 12895 15409
 12776 12904 15399
 12770 12907 15405
 12779 12903 15418
 12777 12902 15391
 12775 12900 15432
 12775 12907 15396
 12781 12896 15413
 12778 12905 15401
 12773 12899 15427
 12770 12901 15394
 12767 12904 15422
 12771 12909 15393
 12769 12905 15416
 12772 12905 15393
 12781 12902 15400
 12773 12903 15409
 12780 12896 15395
 12786 12886 15398
 12782 12902 15403
 12776 12897 15415
 12769 12902 15403
 12772 12902 15418
 12771 12909 15399
 12756 12909 15418
 12777 12905 15386
 12773 12903 15387
 12767 12913 15453
 12803 12886 15350
 12765 12908 15470
 12789 12903 15366
 12778 12902 15434
 12773 12903 15405
 12762 12914 15419
 12773 12902 15402
 12771 12910 15412
 12775 12892 15395
 12762 12908 15420
 12788 12894 15403
 12772 12914 15423
 12788 12901 15407
 12778 12906 15401
 12780 12903 15424
 12767 12915 15402
 12785 12901 15406
 12758 12897 15434
 12774 12908 15390
 12765 12897 15434
 12772 12903 15392
 12773 12900 15418
 12774 12903 15410
 12776 12904 15404
 12779 12899 15395
 12780 12903 15412
 12776 12901 15397
 12771 12904 15414
 12773 12902 15401
 12769 12899 15412
 12766 12900 15405
 12767 12901 15400
 12769 12898 15407
 12773 12903 15413
 12774 12902 15400
 12770 12901 15409
 12778 12904 15416
 12778 12902 15406
 12778 12903 15406
 12786 12901 15402
 12778 12901 15411
 12778 12905 15409
 12767 12903 15415
 12769 12908 15405
 12767 12902 15409
 12774 12911 15399
 12772 12904 15417
 12777 12900 15409
 12777 12900 15401
 12777 12901 15394
 12776 12902 15403
 12781 12901 15405
 12778 12908 15397
 12770 12907 15419
 12770 12905 15402
 12766 12903 15418
 12772 12895 15402
 12771 12905 15416
 12774 12901 15407
 12782 12899 15404
 12776 12900 15413
 12775 12899 15402
 12778 12904 15415
 12780 12904 15408
 12772 12899 15422
 12781 12906 15397
 12773 12904 15406
 12774 12902 15405
 12770 12902 15404
 12768 12905 15400
 12769 12902 15410
 12772 12900 15406
 12770 12906 15404
 12780 12900 15416
 12780 12902 15408
 12781 12901 15419
 12778 12900 15398
 12772 12899 15403
 12776 12900 15402
 12771 12896 15395
 12768 12897 15406
 12766 12905 15411
 12766 12910 15402
 12766 12910 15400
 12769 12903 15414
 12779 12897 15409
 12783 12902 15405
 12779 12898 15412
 12781 12898 15412
 12779 12900 15396
 12774 12903 15405
 12775 12907 15419
 12773 12907 15402
 12774 12905 15408
 12773 12903 15406
 12779 12904 15412
 12778 12900 15410
 12779 12900 15420
 12775 12904 15420
 12777 12895 15408
 12777 12903 15406
 12769 12906 15409
 12778 12907 15399
 12771 12912 15401
 12771 12905 15424
 12775 12901 15408
 12775 12898 15408
 12773 12897 15407
 12780 12900 15409
 12774 12903 15411
 12787 12904 15426
 12775 12905 15410
 12772 12905 15411
 12774 12911 15405
 12770 12906 15402
 12771 12906 15413
 12771 12905 15405
 12773 12899 15398
 12773 12901 15404
 12774 12900 15404
 12776 12902 15413
 12771 12905 15410
 12778 12909 15422
 12787 12901 15410
 12777 12902 15403
 12774 12904 15427
Readings in one second: 81
 12782 12904 15398
 12776 12895 15411
 12771 12895 15404
 12775 12903 15417
 12776 12903 15409
 12778 12898 15406
 12783 12904 15411
 12777 12907 15405
 12775 12902 15411
 12775 12907 15423
 12776 12905 15404
 12776 12905 15416
 12770 12908 15401
 12777 12907 15408
 12777 12903 15411
 12778 12906 15407
 12778 12896 15412
 12772 12902 15406
 12776 12902 15412
 12776 12906 15406
 12777 12904 15407
 12777 12903 15409
 12779 12905 15409
 12771 12906 15412
 12778 12903 15406
 12778 12900 15411
 12776 12899 15408
 12771 12901 15409
 12768 12907 15415
 12772 12909 15418
 12772 12900 15408
 12775 12899 15406
 12770 12905 15409
 12775 12901 15404
 12773 12912 15409
 12773 12900 15405
 12780 12899 15409
 12780 12905 15412
 12772 12898 15415
 12773 12900 15418
 12775 12906 15405
 12777 12900 15406
 12779 12902 15412
 12775 12906 15418
 12772 12898 15418
 12775 12901 15399
 12777 12905 15419
 12770 12904 15412
 12777 12902 15404
 12776 12907 15412
 12778 12903 15414
 12777 12903 15408
 12774 12908 15403
 12776 12902 15417
 12778 12900 15423
 12775 12906 15410
 12777 12906 15405
 12781 12899 15410
 12779 12898 15414
 12780 12899 15399
 12777 12903 15412
 12772 12909 15415
 12777 12902 15410
 12772 12904 15407
 12776 12899 15412
 12773 12900 15410
 12774 12902 15420
 12780 12902 15402
 12778 12905 15403
 12773 12905 15410
 12772 12901 15404
 12774 12902 15406
 12770 12904 15406
 12772 12901 15404
 12771 12904 15407
 12776 12904 15409
 12768 12900 15401
 12772 12904 15413
 12771 12898 15412
 12768 12906 15415
 12781 12909 15415
 12775 12902 15407
 12772 12902 15414
 12770 12907 15409
 12777 12903 15408
 12782 12899 15412
 12772 12908 15422
 12766 12900 15418
 12774 12904 15405
 12775 12900 15411
 12777 12898 15410
 12775 12905 15413
 12772 12907 15409
 12771 12899 15415
 12772 12903 15410
 12776 12909 15414
 12773 12905 15400
 12772 12897 15418
 12775 12909 15411
 12772 12906 15405
 12774 12900 15409
 12775 12903 15412
 12774 12907 15414
 12771 12908 15418
 12772 12904 15401
 12779 12905 15414
 12779 12905 15414
 12771 12894 15402
 12777 12903 15401
 12773 12902 15402
 12775 12899 15415
 12775 12900 15412
 12773 12905 15402
 12773 12901 15406
 12771 12903 15409
 12772 12898 15408
 12778 12906 15399
 12778 12906 15406
 12775 12899 15400
 12770 12903 15407
 12781 12905 15404
 12776 12905 15398
 12772 12899 15405
 12780 12906 15401
 12779 12902 15409
 12772 12897 15410
 12778 12904 15409
 12774 12901 15407
 12777 12899 15402
 12776 12895 15419
 12771 12896 15414
 12775 12901 15410
 12778 12907 15417
 12773 12904 15410
 12777 12904 15412
 12775 12901 15412
 12775 12902 15400
 12779 12901 15411
 12779 12897 15406
 12779 12901 15401
 12774 12901 15406
 12779 12894 15414
 12778 12893 15390
 12778 12899 15421
 12769 12904 15400
 12772 12909 15448
 12789 12894 15356
 12756 12913 15471
 12784 12895 15366
 12765 12903 15449
 12777 12896 15388
 12772 12914 15416
 12794 12894 15384
 12768 12909 15409
 12777 12900 15416
 12776 12908 15381
 12771 12900 15422
 12766 12907 15387
 12767 12901 15420
 12768 12898 15391
 12766 12904 15423
 12768 12904 15415
 12769 12906 15413
 12771 12905 15398
 12779 12904 15409
 12781 12898 15409
 12769 12894 15401
 12779 12902 15428
 12776 12915 15347
 12760 12909 15490
 12783 12910 15333
 12764 12897 15480
 12772 12917 15337
 12773 12898 15452
 12779 12902 15358
 12766 12898 15459
 12761 12904 15352
 12765 12878 15490
 12778 12912 15324
 12763 12879 15436
 12763 12915 15363
 12771 12904 15434
 12776 12907 15379
 12760 12885 15433
 12781 12896 15397
 12755 12873 15411
 12751 12897 15383
 12763 12891 15373
 12759 12894 15407
 12771 12902 15373
 12758 12883 15387
 12778 12904 15405
 12772 12903 15406
 12775 12909 15405
 12771 12900 15400
 12772 12896 15408
 12765 12904 15404
 12770 12904 15413
 12777 12907 15414
 12775 12902 15417
 12780 12906 15396
 12773 12906 15419
 12774 12905 15404
 12777 12897 15412
 12772 12904 15398
 12779 12897 15405
 12779 12906 15414
 12769 12899 15407
 12771 12905 15410
 12772 12901 15406
 12769 12906 15410
 12772 12903 15409
 12770 12900 15427
 12771 12902 15407
 12778 12909 15401
 12786 12896 15416
 12757 12895 15379
 12765 12915 15449
 12812 12913 15389
 12777 12898 15406
 12763 12895 15405
 12774 12907 15414
 12781 12883 15397
 12763 12891 15417
 12765 12899 15404
 12770 12905 15413
 12774 12904 15415
 12773 12908 15416
 12782 12911 15408
 12777 12899 15396
 12778 12900 15424
 12785 12900 15416
 12780 12892 15407
 12771 12898 15420
 12769 12911 15399
 12768 12910 15412
 12760 12908 15405
 12765 12910 15408
 12771 12910 15410
 12771 12906 15403
 12774 12895 15415
 12776 12893 15400
 12780 12894 15410
 12781 12898 15408
 12781 12900 15412
 12774 12908 15399
 12776 12915 15407
 12772 12905 15406
 12777 12904 15418
 12766 12902 15410
 12775 12901 15418
 12776 12895 15408
 12782 12900 15406
 12775 12899 15402
 12775 12901 15407
 12775 12904 15410
 12781 12908 15407
 12780 12906 15408
 12772 12901 15406
 12776 12899 15413
 12773 12897 15404
 12763 12898 15416
 12773 12902 15412
 12769 12902 15403
 12778 12902 15400
 12771 12907 15407
 12778 12906 15394
 12775 12902 15406
 12782 12903 15400
 12778 12901 15413
 12773 12902 15406
 12773 12902 15412
 12767 12903 15404
 12766 12902 15413
 12776 12900 15416
 12767 12908 15407
 12768 12908 15403
 12778 12899 15402
 12778 12904 15401
 12778 12900 15422
 12780 12900 15400
 12775 12901 15407
 12777 12901 15410
 12778 12903 15409
 12775 12904 15410
 12767 12908 15408
 12772 12906 15409
 12766 12903 15408
 12761 12906 15405
 12762 12900 15416
 12773 12898 15410
 12775 12900 15424
 12776 12902 15416
 12779 12900 15411
 12778 12905 15411
 12778 12904 15415
 12778 12901 15409
 12774 12901 15403
 12770 12899 15405
 12768 12899 15418
 12775 12902 15399
 12772 12899 15423
 12771 12909 15401
 12776 12898 15418
 12775 12911 15402
 12772 12901 15419
 12787 12902 15386
 12781 12892 15430
 12771 12907 15395
 12771 12893 15423
 12768 12903 15384
 12764 12895 15421
 12769 12913 15396
 12771 12901 15429
 12779 12906 15383
 12772 12899 15409
 12783 12902 15398
 12770 12901 15439
 12781 12905 15370
 12782 12895 15434
 12776 12914 15384
 12772 12896 15433
 12772 12911 15392
 12760 12896 15446
 12785 12905 15358
 12772 12889 15414
 12775 12927 15445
 12804 12875 15354
 12754 12892 15460
 12778 12903 15381
 12778 12896 15396
 12777 12889 15411
 12750 12919 15428
 12782 12898 15396
 12762 12913 15418
 12771 12908 15407
 12776 12906 15410
 12783 12891 15421
 12767 12906 15407
 12785 12892 15420
 12786 12905 15389
 12775 12903 15424
 12765 12913 15401
 12786 12902 15395
 12768 12903 15429
 12771 12910 15407
 12770 12898 15397
 12764 12901 15428
 12770 12895 15398
 12767 12903 15435
 12785 12899 15363
 12764 12909 15466
 12786 12911 15364
 12770 12904 15427
 12778 12912 15400
 12778 12902 15407
 12774 12900 15412
 12775 12903 15404
 12775 12893 15414
 12769 12902 15389
 12768 12902 15426
 12772 12900 15383
 12771 12901 15424
 12777 12909 15397
 12777 12904 15423
 12781 12899 15402
 12773 12905 15409
 12772 12905 15406
 12772 12901 15406
 12772 12900 15416
 12772 12902 15405
 12774 12898 15410
 12759 12909 15412
 12769 12904 15420
 12784 12903 15390
 12759 12903 15433
 12784 12907 15402
 12792 12893 15366
 12767 12913 15478
 12796 12903 15352
 12773 12896 15439
 12775 12905 15399
 12770 12914 15413
 12773 12890 15397
 12764 12902 15431
 12774 12901 15400
 12779 12901 15405
 12780 12898 15430
 12773 12906 15371
 12770 12895 15445
 12777 12910 15398
 12787 12895 15387
 12766 12904 15449
 12790 12918 15367
 12764 12889 15428
 12761 12922 15407
 12781 12886 15392
 12777 12909 15365
 12763 12894 15472
 12779 12926 15340
 12771 12874 15484
 12780 12936 15357
 12785 12887 15448
 12772 12908 15385
 12786 12902 15428
 12773 12912 15378
 12773 12900 15452
 12778 12906 15365
 12772 12888 15458
 12774 12908 15380
 12771 12901 15419
 12771 12911 15406
 12784 12907 15416
 12765 12905 15413
 12782 12909 15412
 12782 12897 15397
 12767 12911 15432
 12786 12890 15382
 12776 12897 15420
 12767 12903 15393
 12766 12914 15429
 12776 12883 15369
 12752 12911 15453
 12774 12891 15371
 12762 12906 15428
 12773 12896 15413
 12766 12910 15389
 12786 12892 15430
 12780 12913 15386
 12801 12892 15405
 12780 12908 15389
 12780 12911 15435
 12786 12899 15355
 12755 12905 15458
 12756 12911 15361
 12765 12897 15415
 12760 12904 15417
 12765 12915 15405
 12783 12902 15397
 12784 12905 15429
 12789 12897 15412
 12784 12896 15406
 12774 12906 15416
 12774 12904 15399
 12762 12905 15410
 12769 12905 15395
 12756 12911 15408
 12761 12904 15413
 12757 12907 15400
 12774 12894 15400
 12779 12900 15410
 12783 12890 15397
 12785 12899 15415
 12783 12893 15414
 12777 12904 15394
 12773 12909 15416
 12777 12911 15414
 12770 12902 15410
 12760 12905 15409
 12763 12898 15400
 12763 12895 15402
 12766 12891 15406
 12771 12892 15396
 12768 12891 15407
 12774 12895 15398
 12777 12894 15420
 12783 12905 15393
 12778 12902 15419
 12777 12907 15394
 12772 12906 15415
 12774 12898 15401
 12770 12903 15412
 12767 12896 15397
 12761 12897 15396
 12772 12894 15405
 12764 12896 15406
 12769 12903 15413
 12773 12895 15408
 12769 12898 15406
 12778 12904 15412
 12777 12905 15400
 12778 12899 15417
 12779 12899 15408
 12776 12898 15412
 12782 12902 15410
 12772 12896 15403
 12767 12901 15410
 12764 12905 15403
 12770 12901 15418
 12765 12902 15413
 12767 12902 15418
 12771 12895 15408
 12773 12899 15409
 12772 12896 15410
 12778 12907 15407
 12779 12904 15407
 12773 12899 15403
 12780 12901 15401
 12778 12905 15412
 12777 12904 15405
 12778 12898 15393
 12775 12905 15408
 12770 12904 15392
 12769 12901 15403
 12769 12904 15402
 12771 12899 15408
 12770 12898 15397
 12776 12893 15416
 12771 12891 15399
 12775 12903 15412
 12779 12899 15418
 12779 12909 15399
 12773 12899 15390
 12767 12910 15436
 12778 12909 15383
 12768 12904 15417
 12770 12906 15394
 12772 12901 15419
 12782 12908 15391
 12773 12902 15434
 12784 12908 15397
 12781 12899 15415
 12781 12903 15412
 12771 12900 15410
 12780 12899 15401
 12777 12910 15400
 12778 12904 15401
 12772 12907 15403
 12773 12895 15429
 12777 12903 15396
 12778 12901 15409
 12770 12906 15405
 12781 12902 15409
 12778 12905 15403
 12768 12913 15408
 12773 12901 15416
 12766 12907 15405
 12768 12907 15412
 12777 12898 15402
 12772 12899 15413
 12774 12899 15401
 12775 12900 15412
 12775 12899 15406
 12771 12902 15399
 12774 12897 15417
 12779 12900 15411
 12777 12895 15413
 12772 12907 15403
 12770 12896 15402
 12777 12906 15398
 12773 12896 15407
 12772 12896 15407
 12770 12902 15409
 12775 12900 15394
 12776 12903 15399
 12769 12905 15414
 12769 12907 15412
 12774 12890 15412
 12772 12905 15411
 12771 12901 15411
 12780 12904 15407
 12773 12897 15413
 12781 12902 15407
 12771 12893 15411
 12774 12899 15414
 12769 12896 15407
 12775 12901 15393
 12770 12900 15401
 12772 12904 15400
 12769 12900 15419
 12769 12898 15407
 12772 12898 15410
 12773 12900 15405
 12775 12905 15405
 12769 12902 15407
 12769 12894 15418
 12773 12898 15395
 12781 12900 15408
 12771 12900 15403
 12771 12897 15416
 12776 12904 15407
 12771 12902 15408
 12775 12900 15411
 12769 12902 15406
 12773 12897 15419
 12773 12894 15402
 12769 12898 15406
 12776 12901 15407
 12772 12902 15399
 12767 12900 15399
 12771 12905 15406
 12775 12905 15407
 12775 12901 15412
 12772 12901 15399
 12772 12901 15414
 12774 12898 15400
 12767 12900 15413
 12769 12900 15404
 12775 12898 15413
 12779 12904 15406
 12777 12903 15420
 12776 12903 15411
 12779 12898 15412
 12779 12906 15409
 12779 12901 15416
 12768 12893 15414
 12771 12902 15413
 12770 12906 15410
 12770 12907 15406
 12773 12906 15407
 12774 12904 15402
 12784 12901 15401
 12780 12907 15411
 12777 12899 15411
 12778 12901 15409
 12775 12903 15419
 12775 12905 15405
 12769 12907 15414
 12772 12901 15402
 12768 12904 15399
 12771 12906 15415
 12772 12903 15405
 12777 12909 15405
 12777 12899 15404
 12782 12896 15406
 12779 12896 15407
 12771 12912 15402
 12774 12903 15413
 12771 12905 15404
 12776 12895 15409
 12767 12905 15407
 12772 12898 15403
 12776 12900 15414
 12771 12898 15402
 12771 12908 15402
 12780 12898 15399
 12781 12903 15408
 12783 12900 15411
 12777 12905 15407
 12772 12909 15408
 12769 12908 15409
 12769 12902 15400
 12771 12907 15415
 12775 12894 15413
 12776 12904 15407
 12775 12908 15410
 12782 12904 15412
 12763 12904 15410
 12768 12904 15411
 12775 12905 15410
 12775 12905 15414
 12772 12906 15404
 12770 12901 15403
 12781 12898 15397
 12776 12905 15396
 12772 12908 15403
 12782 12900 15410
 12771 12903 15412
 12774 12904 15403
 12774 12904 15410
 12771 12907 15415
 12770 12902 15408
 12776 12899 15411
 12773 12906 15409
 12774 12899 15401
 12772 12899 15409
 12771 12901 15397
 12776 12901 15400
 12778 12900 15406
 12777 12902 15406
 12767 12908 15394
 12769 12901 15411
 12780 12903 15407
 12776 12901 15403
 12775 12908 15398
 12774 12906 15400
 12771 12898 15404
 12773 12894 15405
 12778 12901 15407
 12772 12899 15411
 12778 12895 15413
 12775 12903 15405
 12773 12902 15418
 12773 12901 15401
 12773 12906 15399
 12773 12911 15402
 12773 12902 15418
 12772 12899 15391
 12777 12900 15403
 12780 12899 15416
 12771 12903 15404
 12774 12902 15416
 12771 12902 15408
 12775 12900 15408
 12771 12898 15406
 12776 12903 15405
 12770 12904 15403
 12776 12907 15404
 12771 12900 15408
 12775 12900 15412
 12775 12906 15406
 12772 12906 15409
 12778 12903 15398
 12779 12897 15402
 12779 12901 15405
 12777 12895 15397
 12777 12901 15408
 12776 12900 15403
 12776 12893 15411
 12772 12906 15410
 12775 12902 15424
 12776 12890 15395
 12779 12903 15407
 12775 12905 15415
 12779 12895 15406
 12781 12905 15403
 12773 12899 15412
 12776 12904 15406
 12776 12902 15406
 12780 12903 15397
 12775 12913 15403
 12773 12900 15413
 12778 12905 15422
 12774 12904 15404
 12773 12904 15407
 12772 12901 15408
 12766 12896 15401
 12778 12902 15401
 12777 12903 15400
 12770 12901 15404
 12772 12904 15414
 12777 12896 15400
 12773 12898 15410
 12774 12903 15401
 12773 12906 15403
 12770 12904 15416
 12776 12900 15409
 12772 12902 15408
 12773 12901 15409
 12774 12905 15407
 12774 12904 15407
 12782 12899 15400
 12769 12900 15395
 12767 12903 15440
 12780 12901 15362
 12764 12900 15452
 12776 12909 15376
 12771 12899 15430
 12774 12904 15382
 12772 12899 15436
 12782 12898 15379
 12766 12897 15444
 12765 12906 15376
 12775 12905 15448
 12791 12897 15349
 12764 12912 15474
 12785 12912 15360
 12771 12897 15455
 12785 12896 15354
 12763 12898 15457
 12783 12896 15376
 12767 12900 15433
 12771 12904 15382
 12774 12908 15419
 12776 12910 15391
 12779 12907 15424
 12779 12900 15393
 12761 12899 15455
 12787 12903 15384
 12784 12883 15427
 12774 12917 15408
 12778 12896 15406
 12770 12900 15419
 12777 12900 15405
 12770 12907 15410
 12779 12904 15395
 12773 12903 15408
 12776 12906 15411
 12772 12895 15448
 12794 12899 15333
 12765 12896 15487
 12775 12936 15369
 12775 12879 15445
 12775 12914 15379
 12767 12901 15448
 12783 12908 15344
 12770 12902 15499
 12791 12907 15318
 12769 12892 15478
 12779 12921 15361
 12778 12898 15434
 12779 12901 15380
 12771 12909 15436
 12773 12906 15396
 12771 12900 15420
 12770 12901 15410
 12770 12907 15375
 12771 12897 15438
 12779 12907 15367
 12774 12890 15437
 12774 12919 15381
 12777 12899 15432
 12764 12902 15407
 12788 12896 15425
 12777 12899 15358
 12759 12906 15458
 12788 12896 15370
 12770 12907 15430
 12775 12897 15405
 12768 12921 15390
 12779 12883 15434
 12782 12913 15368
 12774 12894 15445
 12773 12914 15379
 12781 12878 15395
 12769 12910 15409
 12773 12893 15415
 12775 12903 15382
 12761 12900 15424
 12763 12918 15419
 12784 12887 15363
Readings in one second: 82
 12644 12847 15317
 12684 12782 15302
 12670 12776 15342
 12673 12793 15290
 12648 12786 15277
 12700 12793 15338
 12668 12771 15281
 12657 12805 15351
 12656 12799 15269
 12641 12793 15318
 12699 12784 15316
 12668 12777 15285
 12655 12827 15291
 12654 12785 15294
 12652 12795 15358
 12662 12764 15288
 12666 12775 15313
 12716 12801 15323
 12657 12791 15264
 12659 12827 15338
 12653 12769 15267
 12660 12777 15348
 12655 12784 15281
 12639 12792 15311
 12717 12785 15315
 12663 12775 15251
 12660 12845 15327
 12642 12782 15278
 12651 12778 15357
 12693 12770 15279
 12668 12786 15298
 12698 12802 15288
 12647 12786 15319
 12651 12811 15307
 12659 12781 15266
 12652 12799 15334
 12673 12770 15294
 12667 12778 15307
 12653 12832 15314
 12640 12783 15257
 12650 12792 15333
 12673 12768 15281
 12667 12791 15292
 12693 12796 15352
 12650 12770 15289
 12642 12835 15301
 12664 12796 15283
 12637 12793 15345
 12686 12784 15320
 12653 12780 15270
 12700 12807 15292
 12657 12800 15306
 12637 12828 15300
 12678 12771 15314
 12669 12775 15348
 12664 12782 15291
 12651 12789 15344
 12675 12807 15296
 12666 12783 15286
 12659 12793 15348
 12655 12779 15309
 12649 12765 15293
 12695 12792 15284
 12657 12783 15289
 12652 12807 15312
 12658 12776 15314
 12658 12763 15322
 12670 12807 15318
 12649 12790 15295
 12720 12797 15325
 12670 12780 15280
 12664 12842 15311
 12658 12775 15309
 12653 12780 15348
 12687 12791 15299
 12652 12800 15293
 12708 12806 15320
 12653 12770 15275
 12652 12817 15310
 12664 12809 15280
 12638 12782 15348
 12706 12793 15268
 12665 12773 15315
 12660 12815 15301
 12654 12792 15299
 12650 12756 15322
 12676 12801 15286
 12654 12781 15307
 12688 12798 15268
 12646 12776 15318
 12656 12849 15311
 12651 12795 15257
 12643 12792 15385
 12670 12769 15271
 12669 12770 15318
 12713 12804 15264
 12658 12801 15307
 12649 12828 15326
 12680 12761 15284
 12668 12781 15347
 12680 12804 15320
 12658 12797 15297
 12683 12792 15337
 12658 12779 15276
 12651 12805 15324
 12663 12794 15323
 12639 12781 15311
 12692 12777 15277
 12663 12786 15295
 12656 12805 15308
 12657 12772 15287
 12650 12776 15337
 12669 12783 15257
 12673 12800 15315
 12678 12791 15294
 12644 12792 15333
 12639 12858 15253
 12667 12791 15326
 12660 12791 15347
 12664 12770 15330
 12651 12771 15289
 12731 12815 15316
 12671 12781 15276
 12655 12836 15324
 12664 12783 15317
 12648 12781 15344
 12677 12785 15276
 12673 12788 15286
 12707 12796 15307
 12651 12777 15320
 12645 12832 15312
 12669 12778 15248
 12661 12795 15336
 12673 12779 15286
 12655 12760 15283
 12680 12825 15296
 12670 12782 15256
 12664 12804 15351
 12654 12780 15269
 12661 12784 15327
 12707 12795 15263
 12668 12786 15276
 12657 12822 15338
 12651 12770 15301
 12655 12764 15352
 12669 12792 15281
 12637 12781 15266
 12722 12793 15326
 12654 12769 15297
 12665 12867 15309
 12641 12786 15289
 12652 12794 15385
 12678 12775 15294
 12664 12760 15291
 12724 12822 15320
 12652 12793 15281
 12634 12842 15319
 12672 12776 15272
 12663 12779 15372
 12665 12798 15277
 12644 12791 15294
 12705 12810 15320
 12653 12769 15292
 12659 12799 15342
 12648 12797 15281
 12640 12783 15319
 12699 12773 15314
 12665 12770 15319
 12663 12827 15309
 12655 12789 15319
 12647 12783 15312
 12679 12771 15309
 12662 12765 15277
 12689 12816 15311
 12641 12789 15299
 12633 12820 15311
 12657 12767 15276
 12668 12779 15348
 12667 12793 15314
 12649 12795 15292
 12721 12791 15302
 12670 12765 15274
 12673 12855 15304
 12660 12800 15322
 12647 12780 15350
 12682 12783 15294
 12663 12761 15263
 12718 12818 15311
 12640 12789 15285
 12647 12844 15335
 12669 12784 15271
 12661 12778 15320
 12670 12785 15282
 12652 12781 15311
 12688 12812 15291
 12658 12772 15264
 12671 12807 15351
 12653 12778 15290
 12655 12783 15313
 12701 12790 15293
 12652 12777 15257
 12668 12836 15303
 12650 12799 15312
 12632 12779 15325
 12685 12789 15315
 12662 12779 15280
 12689 12798 15307
 12656 12784 15327
 12654 12835 15286
 12680 12791 15299
 12664 12786 15367
 12659 12778 15302
 12654 12763 15291
 12708 12804 15308
 12658 12794 15249
 12657 12828 15349
 12653 12776 15289
 12640 12774 15364
 12689 12798 15277
 12645 12784 15281
 12709 12787 15287
 12675 12762 15291
 12669 12803 15339
 12658 12794 15274
 12647 12779 15317
 12691 12771 15288
 12664 12783 15293
 12659 12826 15317
 12646 12782 15297
 12649 12780 15336
 12687 12794 15297
 12654 12792 15295
 12688 12799 15299
 12641 12767 15298
 12655 12847 15301
 12661 12786 15269
 12658 12790 15363
 12660 12772 15279
 12672 12779 15309
 12703 12817 15292
 12639 12785 15285
 12651 12837 15331
 12660 12769 15280
 12667 12767 15352
 12682 12807 15319
 12651 12796 15306
 12682 12798 15331
 12654 12770 15270
 12663 12797 15338
 12649 12794 15274
 12637 12771 15300
 12701 12782 15291
 12659 12774 15264
 12670 12832 15310
 12639 12777 15291
 12653 12779 15334
 12681 12807 15316
 12661 12796 15273
 12712 12789 15321
 12665 12758 15278
 12669 12852 15280
 12660 12806 15321
 12642 12784 15342
 12676 12780 15298
 12662 12774 15276
 12718 12808 15270
 12652 12814 15305
 12646 12824 15325
 12667 12768 15261
 12669 12782 15378
 12673 12794 15272
 12647 12766 15337
 12686 12787 15304
 12674 12785 15278
 12655 12784 15320
 12655 12792 15299
 12643 12774 15301
 12701 12786 15266
 12666 12785 15308
 12659 12830 15305
 12641 12774 15283
 12659 12777 15347
 12662 12791 15267
 12660 12800 15314
 12720 12791 15322
 12659 12769 15273
 12658 12846 15289
 12652 12796 15327
 12634 12784 15329
 12694 12794 15309
 12669 12786 15279
 12695 12803 15285
 12655 12795 15319
 12646 12818 15302
 12680 12788 15300
 12654 12793 15317
 12679 12785 15316
 12649 12765 15283
 12661 12819 15268
 12667 12798 15316
 12646 12792 15344
 12657 12773 15287
 12664 12772 15308
 12695 12804 15298
 12651 12786 15273
 12647 12816 15329
 12672 12770 15290
 12657 12765 15362
 12660 12787 15287
 12638 12779 15284
 12724 12797 15329
 12670 12776 15281
 12657 12853 15298
 12657 12797 15326
 12636 12786 15348
 12685 12781 15282
 12671 12785 15294
 12712 12809 15298
 12642 12780 15293
 12658 12837 15299
 12679 12777 15300
 12670 12788 15350
 12662 12790 15287
 12642 12793 15310
 12679 12818 15311
 12666 12777 15280
 12654 12792 15353
 12661 12786 15297
 12631 12775 15300
 12709 12796 15302
 12664 12774 15274
 12675 12836 15304
 12657 12780 15298
 12651 12788 15345
 12679 12790 15287
 12656 12778 15278
 12700 12800 15308
 12635 12773 15308
 12654 12842 15314
 12673 12791 15295
 12652 12785 15371
 12652 12775 15293
 12655 12784 15327
 12720 12813 15320
 12666 12795 15277
 12650 12843 15310
 12669 12784 15304
 12648 12772 15348
 12697 12800 15284
 12652 12782 15275
 12710 12807 15332
 12649 12767 15310
 12653 12823 15310
 12668 12789 15306
 12657 12796 15318
 12679 12794 15316
 12650 12769 15290
 12677 12830 15311
 12662 12793 15282
 12650 12792 15345
 12668 12782 15310
 12656 12768 15282
 12704 12803 15291
 12664 12785 15273
 12660 12818 15348
 12664 12768 15288
 12653 12768 15316
 12686 12799 15284
 12650 12785 15267
 12718 12804 15322
 12666 12768 15277
 12657 12854 15290
 12674 12801 15302
 12670 12779 15373
 12698 12790 15310
 12668 12757 15318
 12763 13087 15628
 13000 13133 15705
 13003 13153 15637
 13000 13142 15704
 13006 13141 15658
 13003 13146 15678
 13014 13140 15696
 13015 13150 15650
 13023 13138 15712
 13020 13145 15649
 13026 13136 15696
 13015 13141 15668
 13014 13146 15668
 13013 13139 15685
 13021 13150 15666
 13005 13145 15683
 12995 13147 15663
 13002 13140 15672
 13009 13150 15675
 13007 13142 15685
 13007 13133 15675
 13011 13141 15679
 13021 13134 15681
 13018 13137 15684
 13019 13144 15681
 13019 13145 15678
 13013 13141 15677
 13018 13149 15682
 13008 13146 15688
 13008 13146 15676
 13013 13143 15676
 13001 13137 15682
 13007 13132 15669
 13005 13138 15685
 13014 13142 15671
 13013 13137 15696
 13017 13139 15666
 13014 13142 15695
 13021 13145 15668
 13015 13148 15683
 13011 13148 15669
 13011 13145 15677
 13008 13145 15678
 13011 13141 15675
 13005 13142 15677
 13014 13143 15687
 13010 13146 15670
 13007 13146 15673
 13019 13140 15669
 13022 13147 15689
 13010 13141 15682
 13014 13146 15665
 13015 13153 15703
 13022 13154 15635
 13007 13137 15705
 13007 13151 15657
 13007 13142 15692
 13010 13143 15679
 13002 13136 15676
 13000 13133 15688
 13003 13144 15662
 13018 13125 15687
 13010 13157 15659
 13022 13142 15677
 13014 13153 15674
 13021 13145 15666
 13024 13142 15667
 13008 13140 15678
 13013 13136 15684
 13006 13139 15665
 13013 13143 15681
 13000 13144 15674
 13004 13143 15683
 13006 13142 15674
 13002 13159 15672
 13012 13147 15671
 13007 13145 15677
 13016 13144 15674
 13017 13143 15677
 13018 13141 15670
 13014 13142 15666
 13018 13146 15678
 13020 13141 15675
 13020 13144 15668
 13005 13147 15683
 13010 13148 15677
 13010 13149 15669
 13011 13142 15686
 13010 13152 15662
 13005 13145 15686
 13017 13131 15672
 13008 13144 15681
 13018 13138 15672
 13022 13147 15683
 13018 13146 15691
 13020 13153 15682
 13012 13146 15674
 13005 13148 15674
 13015 13137 15678
 13013 13149 15674
 13011 13145 15686
 13006 13142 15674
 13014 13144 15678
 13014 13146 15675
 13011 13141 15683
 13019 13152 15670
 13016 13147 15666
 13014 13144 15671
 13011 13143 15673
 13021 13145 15682
 13017 13144 15678
 13013 13137 15686
 13010 13143 15683
 13012 13145 15689
 13012 13152 15688
 13017 13146 15689
 13013 13147 15677
 13019 13148 15685
 13014 13145 15675
 13017 13145 15681
 13020 13147 15682
 13014 13143 15679
 13017 13143 15677
 13014 13149 15675
 13017 13151 15682
 13012 13145 15674
 13014 13145 15683
 13019 13145 15674
 13021 13148 15691
 13015 13148 15673
 13016 13144 15672
 13017 13144 15675
 13017 13145 15687
 13017 13144 15684
 13010 13152 15680
 13009 13142 15678
 13021 13144 15675
 13010 13148 15675
 13012 13147 15673
 13009 13145 15683
 13014 13146 15665
 13019 13142 15677
 13018 13147 15672
 13010 13151 15666
 13008 13146 15677
 13014 13150 15681
 13017 13144 15685
 13015 13144 15672
 13018 13141 15682
 13017 13140 15676
 13016 13142 15684
 13020 13141 15682
 13012 13145 15674
 13019 13140 15670
 13010 13142 15676
 13011 13144 15714
 13023 13151 15629
 13013 13144 15732
 13020 13156 15634
 13004 13135 15712
 13023 13151 15651
 13017 13135 15683
 13007 13149 15670
 13015 13138 15690
 13013 13147 15661
 13014 13149 15694
 13013 13150 15663
 13020 13146 15673
 13012 13145 15668
 13014 13137 15675
 13019 13144 15673
 13017 13148 15696
 13021 13147 15669
 13021 13140 15693
 13013 13143 15680
 13025 13140 15676
 13017 13148 15671
 13006 13153 15694
 13013 13155 15655
 13016 13137 15696
 13012 13161 15682
 13019 13134 15669
 13016 13138 15675
 13014 13142 15696
 13015 13146 15659
 13012 13141 15683
 13016 13147 15681
 13015 13140 15665
 13011 13152 15694
 13031 13155 15665
 13012 13152 15682
 13017 13141 15676
 13015 13142 15686
 13017 13133 15666
 13012 13143 15691
 13022 13144 15676
 13010 13148 15680
 13014 13151 15668
 13006 13155 15687
 13015 13150 15667
 13007 13152 15673
 13017 13149 15685
 13014 13143 15680
 13023 13144 15680
 13017 13141 15679
 13016 13144 15680
 13022 13137 15681
 13018 13145 15696
 13015 13150 15631
 12999 13146 15753
 13022 13158 15612
 13000 13133 15739
 13024 13158 15638
 13015 13139 15711
 13021 13145 15639
 13009 13140 15727
 13021 13155 15629
 13015 13136 15726
 13012 13152 15654
 13008 13142 15688
 13013 13144 15662
 13009 13146 15691
 13014 13148 15659
 13013 13146 15692
 13023 13139 15671
 13014 13142 15685
 13015 13141 15677
 13022 13152 15661
 13005 13148 15706
 13018 13153 15647
 13014 13143 15704
 13007 13152 15667
 13014 13142 15677
 13019 13137 15708
 13020 13146 15628
 12999 13144 15729
 13015 13164 15642
 13017 13129 15708
 13008 13155 15659
 13008 13143 15717
 13026 13146 15630
 13000 13137 15746
 13015 13160 15635
 13022 13126 15703
 13010 13157 15652
 13014 13140 15706
 13017 13149 15644
 13019 13144 15713
 13011 13157 15630
 13013 13141 15724
 13023 13142 15609
 13007 13147 15740
 13016 13145 15641
 13018 13141 15704
 13008 13146 15660
 13017 13149 15708
 13021 13140 15658
 13006 13156 15711
 13026 13137 15655
 13009 13149 15680
 13010 13141 15685
 13012 13152 15654
 13017 13142 15694
 13006 13151 15676
 13023 13142 15675
 13011 13146 15678
 13024 13146 15672
 13010 13146 15696
 13014 13146 15674
 13011 13147 15677
 13014 13146 15659
 13021 13139 15694
 13012 13153 15682
 13011 13143 15683
 13016 13148 15675
 13011 13144 15681
 13017 13151 15675
 13020 13147 15672
 13008 13148 15679
 13014 13148 15678
 13019 13145 15670
 13016 13147 15672
 13020 13143 15687
 13011 13144 15673
 13017 13148 15675
 13005 13146 15677
 13016 13145 15676
 13017 13143 15695
 13012 13143 15668
 13012 13146 15704
 13021 13153 15646
 13007 13137 15708
 13017 13149 15648
 13013 13152 15704
 13017 13142 15663
 13010 13138 15711
 13017 13147 15661
 13011 13143 15682
 13015 13149 15663
 13022 13138 15687
 13025 13141 15696
 13025 13139 15624
 13005 13160 15746
 13028 13153 15614
 12998 13132 15729
 13017 13147 15648
 13010 13147 15703
 13020 13144 15664
 13018 13142 15685
 13011 13147 15682
 13014 13152 15681
 13035 13142 15662
 13034 13150 15594
 12986 13147 15796
 13041 13167 15573
 12993 13120 15779
 13000 13174 15627
 13027 13142 15737
 13027 13131 15593
 12989 13153 15790
 13036 13152 15578
 13010 13139 15759
 13033 13163 15718
 13031 13148 15656
 13010 13140 15656
 13001 13150 15709
 13010 13145 15649
 13009 13144 15690
 13013 13143 15691
 13024 13153 15649
 13014 13143 15724
 13030 13146 15634
 13018 13137 15722
 13027 13152 15735
 13018 13139 15619
 13010 13149 15715
 13000 13164 15643
 13000 13144 15686
 13010 13145 15652
 13007 13148 15699
 13022 13151 15653
 13024 13134 15691
 13026 13144 15663
 13030 13140 15682
 13017 13156 15683
 13028 13146 15693
 13030 13134 15610
 12997 13151 15749
 13022 13165 15623
 13005 13132 15700
 13008 13152 15665
 13015 13138 15686
 13018 13145 15630
 13019 13137 15726
 13037 13147 15612
 13013 13142 15726
 13027 13153 15622
 13013 13147 15710
 13022 13147 15652
 13011 13151 15705
 13020 13145 15659
 13000 13143 15706
 13016 13140 15645
 13010 13144 15696
 13015 13146 15664
 13017 13149 15675
 13022 13146 15680
 13023 13148 15673
 13018 13142 15671
 13021 13151 15691
 13017 13150 15671
 13022 13147 15663
 13002 13152 15685
 13009 13149 15660
 13010 13150 15683
 13014 13137 15674
 13011 13152 15663
 13024 13142 15693
 13027 13140 15638
 13006 13143 15748
 13016 13156 15608
 13016 13137 15736
 13015 13156 15637
 13005 13145 15717
 13027 13147 15673
 13014 13145 15677
 13007 13147 15673
 13014 13147 15691
 13016 13145 15660
 13020 13148 15710
 13020 13149 15660
 13021 13151 15701
 13013 13145 15673
 13012 13151 15682
 13018 13144 15673
 13024 13141 15677
 13014 13147 15679
 13013 13152 15684
 13019 13138 15666
 13015 13152 15677
 13016 13140 15685
 13017 13153 15677
 13010 13146 15647
 13010 13148 15717
 13021 13160 15660
 13020 13153 15695
 13015 13153 15676
 13024 13154 15677
 13021 13149 15668
 13017 13139 15703
 13014 13145 15678
 13018 13143 15686
 13007 13149 15674
 13011 13144 15683
 13011 13154 15673
 13011 13151 15686
 13020 13152 15667
 13021 13148 15682
 13029 13145 15679
 13015 13143 15684
 13019 13142 15697
 13014 13139 15670
 13016 13138 15691
 13011 13144 15681
 13016 13144 15672
 13022 13145 15676
 13021 13145 15682
 13018 13145 15672
 13012 13150 15682
 13016 13146 15683
 13015 13150 15678
 13017 13142 15682
 13018 13145 15676
 13022 13147 15680
 13025 13145 15671
 13007 13141 15686
 13012 13139 15672
 13012 13143 15681
 13013 13144 15675
 13010 13145 15671
 13012 13141 15666
 13008 13146 15675
 13018 13144 15672
 13016 13144 15689
 13012 13145 15677
 13018 13142 15668
 13017 13144 15686
 13015 13145 15672
 13013 13144 15679
 13011 13142 15677
 13015 13141 15680
 13009 13144 15677
 13013 13140 15671
 13012 13144 15668
 13008 13142 15676
 13010 13147 15682
 13012 13142 15674
 13016 13151 15673
 13014 13152 15671
 13016 13144 15684
 13013 13156 15690
 13025 13148 15669
 13016 13147 15675
 13013 13141 15678
 13016 13143 15675
 13009 13146 15684
 13011 13148 15672
 13009 13142 15690
 13017 13152 15668
 13014 13145 15701
 13017 13145 15670
 13015 13148 15693
 13026 13144 15683
 13021 13143 15692
 13017 13147 15691
 13022 13145 15678
 13026 13143 15674
 13015 13147 15678
 13018 13150 15685
 13007 13148 15685
 13010 13148 15672
 13004 13148 15697
 13015 13143 15665
 13014 13150 15696
 13018 13153 15671
 13021 13144 15682
 13019 13143 15679
 13018 13155 15680
 13014 13138 15679
Readings in one second: 86
